3 0.6566666666666666 0.43333333333333335 0.15 0.16666666666666666
3 0.37666666666666665 0.25 0.18333333333333332 0.24666666666666667
3 0.5783333333333334 0.7416666666666667 0.10666666666666667 0.12666666666666668
3 0.17 0.8033333333333333 0.13666666666666666 0.17666666666666667
3 0.06666666666666667 0.7816666666666666 0.13333333333333333 0.3566666666666667
3 0.02 0.645 0.04 0.21666666666666667
3 0.12333333333333334 0.915 0.14333333333333334 0.11
3 0.945 0.45 0.11 0.46
3 0.535 0.5933333333333334 0.16333333333333333 0.19
3 0.5183333333333333 0.8766666666666667 0.2966666666666667 0.18
3 0.295 0.08333333333333333 0.13 0.16666666666666666
3 0.8666666666666667 0.4633333333333333 0.2 0.8566666666666667
3 0.565 0.27 0.20333333333333334 0.54
3 0.175 0.29 0.18333333333333332 0.58
3 0.24833333333333332 0.8033333333333333 0.15333333333333332 0.35333333333333333
3 0.07666666666666666 0.31166666666666665 0.15333333333333332 0.5233333333333333
3 0.415 0.595 0.22 0.20666666666666667
3 0.7383333333333333 0.7616666666666667 0.19 0.4766666666666667
3 0.6916666666666667 0.45 0.20666666666666667 0.5333333333333333