3 0.6433333333333333 0.5916666666666667 0.14 0.16333333333333333
3 0.34 0.7266666666666667 0.17333333333333334 0.24
3 0.615 0.2733333333333333 0.1 0.12333333333333334
3 0.22166666666666668 0.14833333333333334 0.13 0.17
3 0.09166666666666666 0.16166666666666665 0.16333333333333333 0.3233333333333333
3 0.035 0.2783333333333333 0.056666666666666664 0.21666666666666667
3 0.19166666666666668 0.041666666666666664 0.13666666666666666 0.08333333333333333
3 0.9433333333333334 0.62 0.11 0.45666666666666667
3 0.55 0.41333333333333333 0.15666666666666668 0.18333333333333332
3 0.5783333333333334 0.13 0.29 0.16666666666666666
3 0.23 0.8933333333333333 0.12 0.19333333333333333
3 0.855 0.5833333333333334 0.15666666666666668 0.8333333333333334
3 0.5283333333333333 0.7333333333333333 0.17666666666666667 0.5333333333333333
3 0.14666666666666667 0.6583333333333333 0.15333333333333332 0.58
3 0.29833333333333334 0.16666666666666666 0.13666666666666666 0.3333333333333333
3 0.06 0.6166666666666667 0.12 0.52
3 0.43 0.3933333333333333 0.21 0.19666666666666666
3 0.78 0.2633333333333333 0.16333333333333333 0.5
3 0.6816666666666666 0.58 0.18333333333333332 0.5266666666666666