3 0.6483333333333333 0.5833333333333334 0.13333333333333333 0.155
3 0.3516666666666667 0.735 0.16 0.23166666666666666
3 0.6033333333333334 0.2683333333333333 0.09333333333333334 0.11833333333333333
3 0.20333333333333334 0.16333333333333333 0.12166666666666667 0.165
3 0.07333333333333333 0.17166666666666666 0.14666666666666667 0.3433333333333333
3 0.023333333333333334 0.30333333333333334 0.04666666666666667 0.21333333333333335
3 0.16833333333333333 0.04833333333333333 0.13333333333333333 0.09666666666666666
3 0.9483333333333334 0.5966666666666667 0.08666666666666667 0.4533333333333333
3 0.545 0.4116666666666667 0.14666666666666667 0.17666666666666667
3 0.5583333333333333 0.12666666666666668 0.2816666666666667 0.15166666666666667
3 0.25166666666666665 0.9066666666666666 0.11 0.18666666666666668
3 0.86 0.575 0.11166666666666666 0.85
3 0.5416666666666666 0.735 0.15 0.53
3 0.155 0.6766666666666666 0.125 0.575
3 0.2816666666666667 0.17166666666666666 0.11833333333333333 0.3416666666666667
3 0.056666666666666664 0.6416666666666667 0.11166666666666666 0.515
3 0.425 0.39666666666666667 0.20166666666666666 0.185
3 0.7666666666666667 0.24833333333333332 0.13833333333333334 0.495
3 0.685 0.57 0.155 0.5183333333333333