3 0.56 0.6283333333333333 0.225 0.38333333333333336
3 0.14666666666666667 0.24 0.14666666666666667 0.24666666666666667
3 0.17666666666666667 0.4633333333333333 0.3233333333333333 0.33166666666666667
3 0.41833333333333333 0.24333333333333335 0.31 0.47
3 0.6166666666666667 0.4083333333333333 0.22333333333333333 0.285
3 0.8633333333333333 0.8483333333333334 0.2733333333333333 0.30333333333333334
3 0.7216666666666667 0.82 0.19 0.265
3 0.63 0.9516666666666667 0.19 0.09666666666666666
3 0.15666666666666668 0.8083333333333333 0.22333333333333333 0.35
3 0.3516666666666667 0.7133333333333334 0.20333333333333334 0.3333333333333333
3 0.34833333333333333 0.94 0.12666666666666668 0.12
3 0.44166666666666665 0.9 0.11666666666666667 0.2