3 0.5316666666666666 0.3616666666666667 0.3 0.42333333333333334
3 0.20833333333333334 0.8283333333333334 0.19333333333333333 0.2733333333333333
3 0.19166666666666668 0.6016666666666667 0.38333333333333336 0.39
3 0.47333333333333333 0.7533333333333333 0.4 0.49333333333333335
3 0.6333333333333333 0.565 0.27666666666666667 0.32666666666666666
3 0.7816666666666666 0.13 0.33 0.26
3 0.65 0.145 0.24 0.29
3 0.5333333333333333 0.04833333333333333 0.20666666666666667 0.09666666666666666
3 0.12166666666666667 0.2683333333333333 0.24333333333333335 0.39
3 0.31 0.32166666666666666 0.26666666666666666 0.36666666666666664
3 0.26 0.10166666666666667 0.15 0.14333333333333334
3 0.36 0.12166666666666667 0.15666666666666668 0.22