3 0.5766666666666667 0.6183333333333333 0.27666666666666667 0.41
3 0.11333333333333333 0.2916666666666667 0.18 0.2633333333333333
3 0.17833333333333334 0.5066666666666667 0.3566666666666667 0.37333333333333335
3 0.38333333333333336 0.25666666666666665 0.37333333333333335 0.51
3 0.6033333333333334 0.3933333333333333 0.26 0.31333333333333335
3 0.875 0.7933333333333333 0.25 0.34
3 0.7633333333333333 0.7866666666666666 0.22666666666666666 0.29
3 0.6916666666666667 0.93 0.2 0.12333333333333334
3 0.20166666666666666 0.8316666666666667 0.27 0.33666666666666667
3 0.38333333333333336 0.7316666666666667 0.24666666666666667 0.36
3 0.4116666666666667 0.9433333333333334 0.14333333333333334 0.11333333333333333
3 0.49833333333333335 0.8983333333333333 0.14333333333333334 0.20333333333333334