3 0.425 0.31333333333333335 0.16 0.21
3 0.5566666666666666 0.36 0.17 0.26666666666666666
3 0.3933333333333333 0.5383333333333333 0.27 0.31333333333333335
3 0.185 0.22666666666666666 0.2833333333333333 0.35
3 0.9566666666666667 0.17666666666666667 0.08666666666666667 0.22666666666666666
3 0.9333333333333333 0.32166666666666666 0.13333333333333333 0.18333333333333332
3 0.9716666666666667 0.39166666666666666 0.056666666666666664 0.25
3 0.7583333333333333 0.4116666666666667 0.14333333333333334 0.22333333333333333
3 0.8533333333333334 0.45666666666666667 0.17666666666666667 0.2733333333333333
3 0.685 0.6083333333333333 0.24666666666666667 0.35333333333333333
3 0.5966666666666667 0.8816666666666667 0.21666666666666667 0.18
3 0.7333333333333333 0.8466666666666667 0.19333333333333333 0.30666666666666664
3 0.8733333333333333 0.9 0.18666666666666668 0.2
3 0.855 0.6266666666666667 0.17666666666666667 0.12333333333333334
3 0.9516666666666667 0.71 0.07666666666666666 0.19666666666666666