3 0.375 0.6566666666666666 0.17666666666666667 0.22
3 0.5133333333333333 0.65 0.19 0.27666666666666667
3 0.41 0.43166666666666664 0.29333333333333333 0.33
3 0.135 0.6683333333333333 0.27 0.37
3 0.865 0.9166666666666666 0.15 0.16666666666666666
3 0.865 0.7966666666666666 0.15 0.19333333333333333
3 0.9333333333333333 0.7433333333333333 0.1 0.25333333333333335
3 0.7216666666666667 0.66 0.16 0.23333333333333334
3 0.825 0.645 0.19666666666666666 0.2833333333333333
3 0.7083333333333334 0.45 0.27 0.36666666666666664
3 0.705 0.16333333333333333 0.22666666666666666 0.19666666666666666
3 0.8316666666666667 0.22 0.22 0.3466666666666667
3 0.9383333333333334 0.215 0.12333333333333334 0.23666666666666666
3 0.8766666666666667 0.48333333333333334 0.18333333333333332 0.13666666666666666
3 0.9733333333333334 0.43 0.05333333333333334 0.2