3 0.4066666666666667 0.32166666666666666 0.14166666666666666 0.195
3 0.5416666666666666 0.355 0.145 0.25333333333333335
3 0.3983333333333333 0.55 0.24166666666666667 0.28833333333333333
3 0.15833333333333333 0.26166666666666666 0.25 0.32666666666666666
3 0.945 0.12833333333333333 0.11 0.215
3 0.915 0.2783333333333333 0.11833333333333333 0.17333333333333334
3 0.9716666666666667 0.3433333333333333 0.055 0.24666666666666667
3 0.7483333333333333 0.385 0.12166666666666667 0.21333333333333335
3 0.8466666666666667 0.42 0.15166666666666667 0.25833333333333336
3 0.695 0.5883333333333334 0.21166666666666667 0.3333333333333333
3 0.6366666666666667 0.87 0.2 0.16
3 0.7716666666666666 0.8383333333333334 0.16166666666666665 0.3233333333333333
3 0.9166666666666666 0.8716666666666667 0.165 0.21
3 0.8666666666666667 0.5883333333333334 0.165 0.10833333333333334
3 0.9716666666666667 0.6616666666666666 0.056666666666666664 0.19166666666666668