3 0.8766666666666667 0.10166666666666667 0.03666666666666667 0.09333333333333334
3 0.84 0.07 0.04 0.06333333333333334
3 0.7883333333333333 0.09666666666666666 0.04 0.07
3 0.9333333333333333 0.265 0.05333333333333334 0.06666666666666667
3 0.945 0.31333333333333335 0.06 0.06
3 0.915 0.375 0.056666666666666664 0.06666666666666667
3 0.9016666666666666 0.5833333333333334 0.06333333333333334 0.07333333333333333
3 0.9316666666666666 0.4683333333333333 0.06333333333333334 0.06666666666666667
3 0.6766666666666666 0.265 0.36666666666666664 0.2866666666666667
3 0.4533333333333333 0.5866666666666667 0.7266666666666667 0.36333333333333334
3 0.275 0.32 0.44666666666666666 0.31333333333333335
3 0.12166666666666667 0.09166666666666666 0.07666666666666666 0.06333333333333334
3 0.035 0.19833333333333333 0.056666666666666664 0.08666666666666667
3 0.3333333333333333 0.07 0.06333333333333334 0.056666666666666664
3 0.37833333333333335 0.08833333333333333 0.06333333333333334 0.06
3 0.8666666666666667 0.7816666666666666 0.25666666666666665 0.38333333333333336
3 0.37666666666666665 0.88 0.7466666666666667 0.24
3 0.058333333333333334 0.7233333333333334 0.07 0.08
3 0.051666666666666666 0.64 0.05333333333333334 0.09
3 0.056666666666666664 0.5366666666666666 0.06 0.06