3 0.9033333333333333 0.12833333333333333 0.04 0.09333333333333334
3 0.8683333333333333 0.095 0.04 0.06666666666666667
3 0.815 0.11833333333333333 0.043333333333333335 0.07333333333333333
3 0.9483333333333334 0.2966666666666667 0.056666666666666664 0.06666666666666667
3 0.9566666666666667 0.345 0.06 0.06
3 0.9216666666666666 0.4033333333333333 0.06 0.07
3 0.895 0.61 0.06666666666666667 0.07666666666666666
3 0.9316666666666666 0.5 0.06666666666666667 0.07
3 0.6916666666666667 0.2783333333333333 0.37666666666666665 0.3
3 0.44666666666666666 0.5833333333333334 0.74 0.38666666666666666
3 0.28833333333333333 0.305 0.45666666666666667 0.32666666666666666
3 0.15 0.06666666666666667 0.08 0.06666666666666667
3 0.056666666666666664 0.16666666666666666 0.06 0.08666666666666667
3 0.365 0.058333333333333334 0.06333333333333334 0.056666666666666664
3 0.4066666666666667 0.08166666666666667 0.06666666666666667 0.06
3 0.845 0.805 0.27 0.39
3 0.36333333333333334 0.8683333333333333 0.7266666666666667 0.2633333333333333
3 0.045 0.6916666666666667 0.07333333333333333 0.08333333333333333
3 0.043333333333333335 0.6083333333333333 0.056666666666666664 0.09
3 0.055 0.505 0.06 0.06