3 0.11666666666666667 0.10833333333333334 0.03666666666666667 0.09166666666666666
3 0.15333333333333332 0.07666666666666666 0.03833333333333333 0.06333333333333334
3 0.205 0.10166666666666667 0.04 0.07
3 0.06333333333333334 0.2733333333333333 0.05333333333333334 0.065
3 0.051666666666666666 0.32166666666666666 0.058333333333333334 0.058333333333333334
3 0.08333333333333333 0.38166666666666665 0.055 0.06666666666666667
3 0.1 0.59 0.06333333333333334 0.07333333333333333
3 0.06833333333333333 0.4766666666666667 0.06333333333333334 0.06666666666666667
3 0.32 0.2683333333333333 0.3616666666666667 0.2816666666666667
3 0.5483333333333333 0.5866666666666667 0.7216666666666667 0.35
3 0.7216666666666667 0.31666666666666665 0.44 0.305
3 0.8716666666666667 0.085 0.07666666666666666 0.06166666666666667
3 0.96 0.19 0.056666666666666664 0.085
3 0.6583333333333333 0.06666666666666667 0.06166666666666667 0.055
3 0.615 0.08666666666666667 0.06333333333333334 0.058333333333333334
3 0.13833333333333334 0.7883333333333333 0.25 0.37833333333333335
3 0.6283333333333333 0.8816666666666667 0.7416666666666667 0.235
3 0.945 0.715 0.06833333333333333 0.07833333333333334
3 0.95 0.6316666666666667 0.05333333333333334 0.08833333333333333
3 0.9433333333333334 0.5283333333333333 0.058333333333333334 0.058333333333333334