3 0.15166666666666667 0.8166666666666667 0.2633333333333333 0.36666666666666664
3 0.4766666666666667 0.7666666666666667 0.31 0.44333333333333336
3 0.12 0.38 0.24 0.66
3 0.22 0.18166666666666667 0.21666666666666667 0.30666666666666664
3 0.8583333333333333 0.55 0.26 0.44333333333333336
3 0.835 0.25666666666666665 0.33 0.5133333333333333
3 0.65 0.33 0.3333333333333333 0.66
3 0.6466666666666666 0.5633333333333334 0.3933333333333333 0.6266666666666667
3 0.7 0.8783333333333333 0.23333333333333334 0.21666666666666667
3 0.8933333333333333 0.8366666666666667 0.21333333333333335 0.23333333333333334
3 0.3566666666666667 0.35 0.4533333333333333 0.7