3 0.6816666666666666 0.695 0.23333333333333334 0.2833333333333333
3 0.39 0.83 0.2866666666666667 0.34
3 0.48 0.335 0.31333333333333335 0.38666666666666666
3 0.24666666666666667 0.3466666666666667 0.26666666666666666 0.3566666666666667
3 0.8783333333333333 0.75 0.24333333333333335 0.2733333333333333
3 0.875 0.5166666666666667 0.25 0.2733333333333333
3 0.7616666666666667 0.09833333333333333 0.24333333333333335 0.19666666666666666
3 0.16333333333333333 0.7883333333333333 0.29333333333333333 0.35333333333333333
3 0.26666666666666666 0.605 0.27 0.27
3 0.056666666666666664 0.19833333333333333 0.11333333333333333 0.29
3 0.365 0.125 0.24 0.24666666666666667
3 0.185 0.145 0.24666666666666667 0.24
3 0.5366666666666666 0.095 0.21333333333333335 0.19
3 0.87 0.28833333333333333 0.24333333333333335 0.30666666666666664
3 0.8666666666666667 0.8666666666666667 0.26 0.20333333333333334
3 0.12666666666666668 0.9216666666666666 0.16 0.15666666666666668
3 0.64 0.4683333333333333 0.21666666666666667 0.2633333333333333
3 0.5783333333333334 0.87 0.23 0.26
3 0.105 0.415 0.21 0.31
3 0.4716666666666667 0.5833333333333334 0.26 0.33