3 0.10166666666666667 0.205 0.20333333333333334 0.41
3 0.435 0.24 0.25 0.41
3 0.10833333333333334 0.6833333333333333 0.21666666666666667 0.6333333333333333
3 0.2733333333333333 0.8583333333333333 0.17333333333333334 0.2816666666666667
3 0.8466666666666667 0.395 0.19833333333333333 0.4166666666666667
3 0.8766666666666667 0.7233333333333334 0.24666666666666667 0.5533333333333333
3 0.6783333333333333 0.6633333333333333 0.23166666666666666 0.6716666666666666
3 0.635 0.415 0.30666666666666664 0.585
3 0.6383333333333333 0.095 0.205 0.18833333333333332
3 0.8716666666666667 0.09833333333333333 0.25666666666666665 0.19666666666666666
3 0.38333333333333336 0.6716666666666666 0.35333333333333333 0.6566666666666666