3 0.8216666666666667 0.8266666666666667 0.29 0.3466666666666667
3 0.505 0.7683333333333333 0.33666666666666667 0.45666666666666667
3 0.8733333333333333 0.41 0.25333333333333335 0.6666666666666666
3 0.8016666666666666 0.20166666666666666 0.23333333333333334 0.31333333333333335
3 0.14 0.525 0.28 0.45
3 0.18166666666666667 0.24666666666666667 0.36333333333333334 0.49333333333333335
3 0.3616666666666667 0.32666666666666666 0.37666666666666665 0.6533333333333333
3 0.35 0.5516666666666666 0.43 0.64
3 0.2733333333333333 0.8633333333333333 0.24333333333333335 0.23
3 0.09666666666666666 0.8083333333333333 0.19333333333333333 0.25
3 0.65 0.35833333333333334 0.49333333333333335 0.7166666666666667