3 0.32166666666666666 0.6983333333333334 0.23 0.28
3 0.6133333333333333 0.83 0.28 0.34
3 0.5166666666666667 0.335 0.31 0.38333333333333336
3 0.7516666666666667 0.3433333333333333 0.26 0.35333333333333333
3 0.12 0.7583333333333333 0.24 0.27
3 0.12333333333333334 0.5216666666666666 0.24666666666666667 0.27
3 0.23 0.09833333333333333 0.24 0.19666666666666666
3 0.8416666666666667 0.7816666666666666 0.29 0.3466666666666667
3 0.735 0.6016666666666667 0.26666666666666666 0.26666666666666666
3 0.94 0.19 0.12 0.2866666666666667
3 0.6283333333333333 0.12333333333333334 0.23666666666666666 0.24333333333333335
3 0.81 0.14 0.24333333333333335 0.23666666666666666
3 0.4533333333333333 0.09666666666666666 0.21333333333333335 0.19333333333333333
3 0.125 0.295 0.24 0.30333333333333334
3 0.14 0.8716666666666667 0.25666666666666665 0.2
3 0.8816666666666667 0.92 0.15666666666666668 0.16
3 0.35833333333333334 0.4716666666666667 0.21 0.2633333333333333
3 0.4266666666666667 0.87 0.22666666666666666 0.26
3 0.895 0.4066666666666667 0.21 0.30666666666666664
3 0.53 0.5833333333333334 0.25333333333333335 0.32666666666666666