3 0.115 0.10166666666666667 0.11666666666666667 0.20333333333333334
3 0.24666666666666667 0.09833333333333333 0.13333333333333333 0.19666666666666666
3 0.37 0.11666666666666667 0.11333333333333333 0.23333333333333334
3 0.48333333333333334 0.10666666666666667 0.11333333333333333 0.21333333333333335
3 0.5716666666666667 0.085 0.06 0.17
3 0.67 0.10166666666666667 0.12666666666666668 0.19666666666666666
3 0.7883333333333333 0.11666666666666667 0.09666666666666666 0.21666666666666667
3 0.91 0.11333333333333333 0.13666666666666666 0.20333333333333334
3 0.9016666666666666 0.195 0.1 0.17333333333333334
3 0.785 0.26 0.08333333333333333 0.18333333333333332
3 0.6816666666666666 0.30833333333333335 0.07666666666666666 0.22333333333333333
3 0.625 0.25333333333333335 0.09666666666666666 0.2
3 0.495 0.27 0.1 0.21333333333333335
3 0.39 0.22666666666666666 0.10333333333333333 0.24
3 0.29 0.23833333333333334 0.09 0.24333333333333335
3 0.20666666666666667 0.23833333333333334 0.10666666666666667 0.20666666666666667
3 0.08666666666666667 0.24166666666666667 0.15666666666666668 0.18
3 0.055 0.44166666666666665 0.11 0.2633333333333333
3 0.17166666666666666 0.465 0.14 0.2733333333333333
3 0.305 0.485 0.15333333333333332 0.27
3 0.45166666666666666 0.49333333333333335 0.12666666666666668 0.24
3 0.5783333333333334 0.47833333333333333 0.11666666666666667 0.26666666666666666
3 0.6516666666666666 0.495 0.10666666666666667 0.24666666666666667
3 0.7616666666666667 0.47333333333333333 0.13666666666666666 0.3333333333333333
3 0.8916666666666667 0.44 0.12 0.32
3 0.97 0.45166666666666666 0.06 0.41
3 0.9866666666666667 0.13833333333333334 0.02666666666666667 0.24333333333333335
3 0.056666666666666664 0.71 0.11333333333333333 0.23333333333333334
3 0.023333333333333334 0.9 0.04666666666666667 0.16666666666666666
3 0.10833333333333334 0.9033333333333333 0.10666666666666667 0.17
3 0.14666666666666667 0.7083333333333334 0.11 0.20333333333333334
3 0.2733333333333333 0.65 0.1 0.14
3 0.23333333333333334 0.8633333333333333 0.13666666666666666 0.26
3 0.39 0.8216666666666667 0.16333333333333333 0.35333333333333333
3 0.53 0.6733333333333333 0.09333333333333334 0.16333333333333333
3 0.5033333333333333 0.8816666666666667 0.13333333333333333 0.23666666666666666
3 0.6583333333333333 0.7883333333333333 0.19666666666666666 0.42333333333333334
3 0.8333333333333334 0.805 0.18666666666666668 0.39
3 0.9566666666666667 0.7766666666666666 0.08 0.44666666666666666