3 0.7983333333333333 0.07333333333333333 0.15666666666666668 0.14666666666666667
3 0.6683333333333333 0.08166666666666667 0.17 0.16333333333333333
3 0.5516666666666666 0.11166666666666666 0.15666666666666668 0.22333333333333333
3 0.43833333333333335 0.11166666666666666 0.15 0.22333333333333333
3 0.3516666666666667 0.10666666666666667 0.09 0.17333333333333334
3 0.25666666666666665 0.14166666666666666 0.16 0.21666666666666667
3 0.14333333333333334 0.17833333333333334 0.13666666666666666 0.22666666666666666
3 0.05333333333333334 0.19833333333333333 0.10666666666666667 0.22333333333333333
3 0.056666666666666664 0.2783333333333333 0.11333333333333333 0.19
3 0.175 0.31833333333333336 0.11666666666666667 0.19333333333333333
3 0.285 0.3466666666666667 0.11666666666666667 0.23333333333333334
3 0.33 0.2816666666666667 0.13 0.21333333333333335
3 0.46166666666666667 0.2733333333333333 0.14 0.22666666666666666
3 0.5566666666666666 0.21 0.14666666666666667 0.25333333333333335
3 0.655 0.20166666666666666 0.13333333333333333 0.25333333333333335
3 0.7366666666666667 0.18666666666666668 0.14333333333333334 0.22
3 0.8566666666666667 0.16833333333333333 0.18666666666666668 0.20333333333333334
3 0.9233333333333333 0.355 0.15333333333333332 0.27666666666666667
3 0.8166666666666667 0.4033333333333333 0.19 0.29333333333333333
3 0.6883333333333334 0.4483333333333333 0.2 0.29
3 0.5466666666666666 0.485 0.17 0.25666666666666665
3 0.41833333333333333 0.49333333333333335 0.16333333333333333 0.28
3 0.35 0.525 0.15 0.26
3 0.23833333333333334 0.525 0.19666666666666666 0.35
3 0.10333333333333333 0.5166666666666667 0.17666666666666667 0.3333333333333333
3 0.04833333333333333 0.545 0.09666666666666666 0.41
3 0.9483333333333334 0.6183333333333333 0.10333333333333333 0.25
3 0.9466666666666667 0.8216666666666667 0.10666666666666667 0.18333333333333332
3 0.8866666666666667 0.6366666666666667 0.14666666666666667 0.21666666666666667
3 0.7516666666666667 0.605 0.12333333333333334 0.15333333333333332
3 0.83 0.805 0.18333333333333332 0.27666666666666667
3 0.6683333333333333 0.795 0.22333333333333333 0.37
3 0.5033333333333333 0.675 0.12333333333333334 0.17666666666666667
3 0.5666666666666667 0.875 0.17333333333333334 0.25
3 0.4 0.795 0.2733333333333333 0.41
3 0.23333333333333334 0.8283333333333334 0.26 0.3433333333333333
3 0.10333333333333333 0.8166666666666667 0.16666666666666666 0.36666666666666664