3 0.13833333333333334 0.20833333333333334 0.23 0.4166666666666667
3 0.7316666666666667 0.37166666666666665 0.43333333333333335 0.7
3 0.7583333333333333 0.7733333333333333 0.27666666666666667 0.4533333333333333
3 0.7066666666666667 0.92 0.41333333333333333 0.16
3 0.445 0.6416666666666667 0.36333333333333334 0.5833333333333334
3 0.285 0.6116666666666667 0.23 0.7066666666666667
3 0.8966666666666666 0.8266666666666667 0.16 0.3466666666666667
3 0.2 0.9033333333333333 0.4 0.16666666666666666
3 0.175 0.4583333333333333 0.35 0.9033333333333333
3 0.4483333333333333 0.21 0.43 0.42
3 0.9233333333333333 0.37 0.15333333333333332 0.56