3 0.9183333333333333 0.24166666666666667 0.14 0.4816666666666667
3 0.2966666666666667 0.33 0.315 0.6533333333333333
3 0.18666666666666668 0.7483333333333333 0.18666666666666668 0.4866666666666667
3 0.20666666666666667 0.9133333333333333 0.38666666666666666 0.17333333333333334
3 0.5266666666666666 0.65 0.2633333333333333 0.5416666666666666
3 0.69 0.65 0.09666666666666666 0.7
3 0.04666666666666667 0.7566666666666667 0.09333333333333334 0.36
3 0.72 0.9533333333333334 0.3933333333333333 0.09333333333333334
3 0.86 0.5283333333333333 0.26 0.8683333333333333
3 0.6083333333333333 0.20333333333333334 0.35833333333333334 0.4066666666666667
3 0.07 0.285 0.13166666666666665 0.5433333333333333