3 0.08166666666666667 0.7583333333333333 0.14 0.48
3 0.7033333333333334 0.67 0.31333333333333335 0.6533333333333333
3 0.8133333333333334 0.25166666666666665 0.18666666666666668 0.4866666666666667
3 0.7933333333333333 0.08666666666666667 0.38666666666666666 0.17333333333333334
3 0.47333333333333333 0.35 0.2633333333333333 0.54
3 0.31 0.35 0.09666666666666666 0.7
3 0.9533333333333334 0.24333333333333335 0.09333333333333334 0.36
3 0.28 0.04666666666666667 0.3933333333333333 0.09333333333333334
3 0.14 0.4716666666666667 0.26 0.8666666666666667
3 0.39166666666666666 0.7966666666666666 0.36 0.4066666666666667
3 0.93 0.715 0.13333333333333333 0.5433333333333333