3 0.10333333333333333 0.10833333333333334 0.11 0.21666666666666667
3 0.23333333333333334 0.10166666666666667 0.12666666666666668 0.20333333333333334
3 0.35833333333333334 0.11833333333333333 0.105 0.23666666666666666
3 0.47 0.10666666666666667 0.105 0.21333333333333335
3 0.5566666666666666 0.08333333333333333 0.055 0.16666666666666666
3 0.6566666666666666 0.09666666666666666 0.12 0.19333333333333333
3 0.775 0.10666666666666667 0.09 0.21333333333333335
3 0.8966666666666666 0.1 0.12833333333333333 0.2
3 0.89 0.18166666666666667 0.095 0.17166666666666666
3 0.7766666666666666 0.25 0.07833333333333334 0.18
3 0.675 0.3016666666666667 0.07 0.22166666666666668
3 0.6166666666666667 0.24833333333333332 0.08833333333333333 0.19833333333333333
3 0.4866666666666667 0.27 0.09333333333333334 0.21166666666666667
3 0.38 0.23 0.09666666666666666 0.23666666666666666
3 0.2816666666666667 0.245 0.08166666666666667 0.24166666666666667
3 0.19833333333333333 0.24833333333333332 0.1 0.20166666666666666
3 0.07833333333333334 0.25666666666666665 0.15166666666666667 0.175
3 0.051666666666666666 0.45666666666666667 0.10333333333333333 0.26
3 0.17 0.4766666666666667 0.13166666666666665 0.27
3 0.305 0.49166666666666664 0.145 0.265
3 0.45166666666666666 0.495 0.11833333333333333 0.23666666666666666
3 0.5783333333333334 0.475 0.10666666666666667 0.26166666666666666
3 0.6516666666666666 0.49 0.09833333333333333 0.24333333333333335
3 0.76 0.465 0.125 0.33
3 0.89 0.4266666666666667 0.10833333333333334 0.31666666666666665
3 0.9733333333333334 0.43666666666666665 0.05333333333333334 0.41
3 0.9833333333333333 0.12166666666666667 0.03333333333333333 0.24333333333333335
3 0.06 0.725 0.11833333333333333 0.22833333333333333
3 0.03 0.9183333333333333 0.06 0.16333333333333333
3 0.12333333333333334 0.9166666666666666 0.1 0.16666666666666666
3 0.15333333333333332 0.72 0.10333333333333333 0.19833333333333333
3 0.2783333333333333 0.6583333333333333 0.095 0.13666666666666666
3 0.24666666666666667 0.8716666666666667 0.12833333333333333 0.255
3 0.40166666666666667 0.825 0.15 0.3466666666666667
3 0.5366666666666666 0.6716666666666666 0.08833333333333333 0.16
3 0.5183333333333333 0.8833333333333333 0.125 0.23166666666666666
3 0.6683333333333333 0.7883333333333333 0.18333333333333332 0.42333333333333334
3 0.8433333333333334 0.8 0.17333333333333334 0.3983333333333333
3 0.9683333333333334 0.7683333333333333 0.06333333333333334 0.46166666666666667