3 0.2833333333333333 0.2916666666666667 0.06333333333333334 0.11
3 0.6316666666666667 0.08 0.08 0.11
3 0.25 0.6183333333333333 0.06333333333333334 0.08333333333333333
3 0.295 0.74 0.07333333333333333 0.08
3 0.33 0.66 0.056666666666666664 0.10666666666666667
3 0.29333333333333333 0.585 0.06333333333333334 0.09666666666666666
3 0.3566666666666667 0.89 0.06333333333333334 0.11
3 0.315 0.9716666666666667 0.056666666666666664 0.056666666666666664
3 0.6266666666666667 0.8133333333333334 0.10333333333333333 0.09
3 0.7916666666666666 0.77 0.08 0.16333333333333333
3 0.6133333333333333 0.93 0.10333333333333333 0.10333333333333333
3 0.5983333333333334 0.21333333333333335 0.08333333333333333 0.12333333333333334
3 0.4066666666666667 0.10166666666666667 0.06666666666666667 0.07333333333333333
3 0.3433333333333333 0.105 0.06 0.06666666666666667
3 0.47833333333333333 0.11666666666666667 0.06 0.05333333333333334
3 0.4666666666666667 0.07166666666666667 0.06 0.06666666666666667
3 0.49333333333333335 0.495 0.49666666666666665 0.5533333333333333