3 0.32666666666666666 0.25333333333333335 0.043333333333333335 0.105
3 0.71 0.11333333333333333 0.06166666666666667 0.1
3 0.23166666666666666 0.5683333333333334 0.04833333333333333 0.07666666666666666
3 0.25333333333333335 0.6966666666666667 0.06166666666666667 0.07
3 0.30333333333333334 0.625 0.03666666666666667 0.1
3 0.2816666666666667 0.5433333333333333 0.04833333333333333 0.08833333333333333
3 0.285 0.855 0.045 0.10333333333333333
3 0.22666666666666666 0.9466666666666667 0.04 0.085
3 0.565 0.8316666666666667 0.09166666666666666 0.07333333333333333
3 0.735 0.82 0.051666666666666666 0.155
3 0.53 0.9433333333333334 0.08833333333333333 0.08666666666666667
3 0.6516666666666666 0.23666666666666666 0.06166666666666667 0.11333333333333333
3 0.485 0.09166666666666666 0.055 0.06333333333333334
3 0.4216666666666667 0.08166666666666667 0.051666666666666666 0.056666666666666664
3 0.5516666666666666 0.12 0.05333333333333334 0.045
3 0.5483333333333333 0.07333333333333333 0.04833333333333333 0.06
3 0.495 0.49333333333333335 0.41 0.485