3 0.5283333333333333 0.7033333333333334 0.3433333333333333 0.49333333333333335
3 0.7866666666666666 0.75 0.3233333333333333 0.47
3 0.13166666666666665 0.6266666666666667 0.2633333333333333 0.38666666666666666
3 0.28833333333333333 0.605 0.24666666666666667 0.4066666666666667
3 0.29 0.38333333333333336 0.22 0.27
3 0.37333333333333335 0.25166666666666665 0.17 0.25333333333333335
3 0.7416666666666667 0.275 0.18 0.19666666666666666
3 0.915 0.315 0.17 0.17666666666666667
3 0.5033333333333333 0.3466666666666667 0.17333333333333334 0.13333333333333333
3 0.53 0.125 0.15666666666666668 0.18
3 0.6433333333333333 0.165 0.14666666666666667 0.17
3 0.5116666666666667 0.23833333333333334 0.18666666666666668 0.15666666666666668
3 0.6183333333333333 0.30333333333333334 0.16333333333333333 0.15666666666666668
3 0.4483333333333333 0.08333333333333333 0.10666666666666667 0.14
3 0.6966666666666667 0.38 0.15 0.13
3 0.8083333333333333 0.415 0.15 0.13333333333333333
3 0.9466666666666667 0.425 0.10666666666666667 0.11666666666666667
3 0.8016666666666666 0.15 0.20333333333333334 0.19333333333333333
3 0.5666666666666667 0.051666666666666666 0.17333333333333334 0.10333333333333333
3 0.7016666666666667 0.06666666666666667 0.16 0.10333333333333333
3 0.845 0.07333333333333333 0.12666666666666668 0.06666666666666667
3 0.9466666666666667 0.21 0.10666666666666667 0.18
3 0.9383333333333334 0.12 0.12333333333333334 0.12666666666666668