3 0.58 0.69 0.32 0.48333333333333334
3 0.8416666666666667 0.6666666666666666 0.30333333333333334 0.46
3 0.17833333333333334 0.7183333333333334 0.24333333333333335 0.37666666666666665
3 0.32166666666666666 0.6566666666666666 0.23 0.39666666666666667
3 0.2683333333333333 0.44166666666666665 0.21 0.2633333333333333
3 0.31333333333333335 0.29333333333333333 0.16 0.24666666666666667
3 0.675 0.22 0.17 0.19
3 0.8583333333333333 0.215 0.17 0.17
3 0.465 0.3516666666666667 0.17 0.12666666666666668
3 0.43333333333333335 0.13 0.14666666666666667 0.17333333333333334
3 0.5533333333333333 0.14 0.14 0.16333333333333333
3 0.44333333333333336 0.245 0.18 0.15
3 0.5633333333333334 0.2783333333333333 0.16 0.15
3 0.3416666666666667 0.11166666666666666 0.1 0.13666666666666666
3 0.6583333333333333 0.3333333333333333 0.14666666666666667 0.12666666666666668
3 0.7766666666666666 0.3383333333333333 0.14666666666666667 0.12666666666666668
3 0.9233333333333333 0.30833333333333335 0.12333333333333334 0.11
3 0.7 0.08833333333333333 0.19333333333333333 0.17666666666666667
3 0.4483333333333333 0.04833333333333333 0.17 0.09666666666666666
3 0.5816666666666667 0.03833333333333333 0.15666666666666668 0.07666666666666666
3 0.7216666666666667 0.015 0.12333333333333334 0.03
3 0.8866666666666667 0.09666666666666666 0.16333333333333333 0.17333333333333334
3 0.8583333333333333 0.03333333333333333 0.19 0.06666666666666667