3 0.8266666666666667 0.07333333333333333 0.21333333333333335 0.14666666666666667
3 0.6566666666666666 0.13833333333333334 0.30666666666666664 0.27666666666666667
3 0.43333333333333335 0.13666666666666666 0.32 0.2733333333333333
3 0.20666666666666667 0.15333333333333332 0.2833333333333333 0.25
3 0.085 0.25666666666666665 0.17 0.32
3 0.855 0.24166666666666667 0.25333333333333335 0.32
3 0.6833333333333333 0.3566666666666667 0.30666666666666664 0.31666666666666665
3 0.43666666666666665 0.35 0.3 0.33
3 0.23833333333333334 0.33 0.25666666666666665 0.26666666666666666
3 0.10666666666666667 0.49833333333333335 0.21333333333333335 0.30333333333333334
3 0.89 0.5116666666666667 0.22 0.2966666666666667
3 0.7066666666666667 0.6183333333333333 0.3333333333333333 0.3566666666666667
3 0.455 0.6733333333333333 0.34 0.34
3 0.25333333333333335 0.5483333333333333 0.3333333333333333 0.34
3 0.15 0.74 0.26666666666666666 0.2966666666666667
3 0.9383333333333334 0.7333333333333333 0.12333333333333334 0.37333333333333335
3 0.8266666666666667 0.8133333333333334 0.29 0.3
3 0.6066666666666667 0.8633333333333333 0.32 0.2733333333333333
3 0.39 0.8733333333333333 0.28 0.25333333333333335
3 0.17833333333333334 0.925 0.23 0.15