3 0.07 0.16333333333333333 0.14 0.22666666666666666
3 0.22666666666666666 0.19166666666666668 0.2966666666666667 0.30666666666666664
3 0.44 0.135 0.30666666666666664 0.27
3 0.6633333333333333 0.09833333333333333 0.2733333333333333 0.19666666666666666
3 0.8516666666666667 0.14 0.23666666666666666 0.28
3 0.1 0.37 0.2 0.31333333333333335
3 0.28 0.425 0.29333333333333333 0.30666666666666664
3 0.51 0.33666666666666667 0.2866666666666667 0.32
3 0.6933333333333334 0.25333333333333335 0.24666666666666667 0.25666666666666665
3 0.8833333333333333 0.365 0.23333333333333334 0.2966666666666667
3 0.12 0.645 0.24 0.2866666666666667
3 0.3433333333333333 0.6783333333333333 0.32 0.3466666666666667
3 0.5983333333333334 0.65 0.32666666666666666 0.32666666666666666
3 0.75 0.465 0.32 0.32666666666666666
3 0.8916666666666667 0.61 0.21666666666666667 0.2866666666666667
3 0.12166666666666667 0.8466666666666667 0.19 0.30666666666666664
3 0.2916666666666667 0.8783333333333333 0.27666666666666667 0.24333333333333335
3 0.515 0.875 0.31 0.25
3 0.7316666666666667 0.8416666666666667 0.27 0.29
3 0.9216666666666666 0.8366666666666667 0.15666666666666668 0.22666666666666666